307,45,701,1,707,55,313,99
393,92,615,74,619,116,397,134
361,148,399,145,462,139,494,137,548,132,615,124,646,121,649,155,618,159,551,167,497,171,466,174,402,179,364,182
370,187,398,184,452,178,506,174,544,170,599,164,647,159,649,191,602,196,547,202,508,206,455,210,402,216,373,218
300,260,711,220,718,300,308,341
298,392,328,389,380,380,405,378,446,373,480,368,518,361,533,401,495,408,454,415,407,421,384,423,330,431,300,435
295,471,677,437,685,527,303,560
300,584,503,569,506,616,304,632
296,662,582,638,588,705,302,729
298,733,697,717,699,777,300,793
294,820,884,784,888,843,298,879
290,925,332,923,372,922,418,918,472,916,518,918,559,921,562,967,520,964,474,962,420,964,379,968,332,970,291,972
290,967,888,934,893,1015,295,1048
292,1053,839,1037,841,1107,294,1123
47,1118,283,1106,286,1162,50,1174
286,1146,904,1108,909,1189,291,1226
40,1176,59,1175,78,1175,106,1172,123,1175,150,1178,169,1183,164,1219,145,1213,125,1211,107,1208,80,1212,60,1211,41,1212
