549,163,1420,209,1415,307,544,261
744,293,1230,318,1227,388,741,363
677,390,1294,427,1290,496,672,459
684,465,1282,496,1279,566,681,536
545,593,1420,619,1415,776,541,749
544,834,626,843,711,845,761,851,851,857,922,852,1004,849,1017,922,935,925,854,931,753,924,708,919,618,916,536,907
537,1024,1364,1058,1358,1205,531,1171
540,1203,961,1212,959,1296,538,1287
554,1303,1118,1338,1109,1481,546,1446
536,1472,1020,1472,1020,1564,536,1564
1068,1529,1362,1539,1359,1639,1065,1630
537,1615,1708,1673,1703,1774,532,1716
525,1786,614,1787,697,1790,784,1792,891,1802,966,1808,1055,1818,1052,1896,963,1886,886,1880,779,1870,698,1868,606,1865,516,1864
523,1897,710,1901,887,1913,1074,1914,1240,1929,1403,1934,1567,1947,1565,2056,1400,2042,1235,2037,1074,2022,877,2021,703,2010,516,2005
556,2016,704,2016,886,2025,1079,2035,1256,2086,1540,2098,1651,2124,1647,2209,1536,2183,1238,2170,1072,2119,882,2109,698,2100,549,2100
76,2041,283,2063,278,2114,70,2093
285,2099,322,2096,373,2098,408,2097,463,2105,511,2107,548,2111,537,2186,500,2182,454,2180,399,2172,371,2173,311,2171,274,2174
542,2159,1533,2226,1523,2359,533,2292
